 VS =   1.000000     VE =   1.300000     VI =   1.400000
 VSP =   1.000000     FROUD =   0.032846
