x <- c(68.699341,17.359674,-1.379379,-14.233495,51.027206,86.348900,34.725601,31.870729,70.503029,60.823067,46.646557,49.931896,29.117685,36.929943,-16.001999,53.903030,46.267212,24.757107,11.291512,32.865425,85.036453,25.035311,46.389458,18.483406,10.884508,31.340179,22.483908,32.597553,39.985420,39.989376,25.894417,48.271534,52.895851,18.957409,28.081316,100.564812,30.329487,33.851089,46.277393,28.718620,54.208179,63.586327,23.147156,48.842728,72.515617,-1.614077,66.835625,54.701839,53.559101,48.895054,64.897003,55.526058,45.540478,70.149094,36.363770,53.536549,52.642559,16.172369,51.059582,61.417076,54.148827,33.045582,44.320999,33.037315,24.059624,70.949463,62.984467,51.490524,60.186501,5.060666,49.012344,67.756828,27.625378,98.386414,110.314011,62.357582,43.149899,35.056900,28.683411,117.877258,24.785736,47.890060,37.939838,57.788929,46.067841,73.207550,22.494001,46.853069,11.156631,76.682343,35.233364,56.267696,47.374325,30.162081,17.618280,36.152473,83.371254,34.941143,16.070663,30.157772,25.375257,23.596188,3.447408,45.352352,5.888486,33.093159,64.903198,34.784630,60.696392,25.626219,38.786724,58.748501,-24.541815,36.835705,49.498154,76.133667,73.308960,66.912186,58.649391,77.465652,53.441986,17.938393,95.456932,5.020349,60.944786,70.499130,73.950958,66.208092,58.090271,-4.151254,89.762535,48.304768,30.833475,52.671394,71.244133,72.392601,5.660398,11.321381,50.440960,108.681038,24.773813,78.067513,55.507286,86.625984,21.033983,31.862349,68.410576,82.597145,46.047504,58.331047,11.347471,38.015629,22.082808,48.926460,54.568138,-6.991366,92.445992,-13.081488,64.653862,38.241001,28.881216,-10.727891,51.247620,30.447279,50.554386,50.702312,33.890076,96.329376,-22.780396,31.221767,25.160748,31.120119,65.020958,13.643869,72.460426,31.219671,78.022179,51.773685,43.395576,67.598633,70.725151,17.247284,77.274757,61.301792,27.092878,71.579475,68.114723,-10.825406,3.154035,30.267300,40.025146,85.132080,116.766571,50.777485,47.747417,53.105579,91.371902,-27.306253,33.392521,64.212975,18.757950,23.387108,35.906590,46.865379,35.119793,26.442232,21.254072,39.764919,57.955505,50.398224,-16.766539,76.343987,14.770375,21.674711,6.566314,23.539726,1.846074,50.906521,47.403130,61.469345,10.945249,86.434258,67.369957,57.088165,57.037018,23.625614,6.142428,-0.192899,26.110136,6.496306,-9.096334,12.701415,53.051952,-11.633393,56.562664,4.627748,15.847298,20.931303,32.478962,51.397167,-39.024181,50.672264,39.997345,54.900707,91.563156,42.264790,-10.825406,-30.218027,32.353909,51.621063,-7.964397,30.355225,29.756790,40.293259,22.334623,-14.642447,16.566622,17.938393,26.026758,16.267641,55.268337,63.981583,71.124191,39.093082,11.373562,73.992043,55.254349,38.794662,31.898001,30.078201,33.260506,93.521019,49.749615,-1.643710,9.260448,4.969820,-13.609206,20.594809,39.460892,81.830482,56.217522,51.887344,9.769867,104.781357,2.804702,9.853688,35.547134,60.415119,47.491646,66.915550,25.670637,-8.720439,42.254845,46.640419,79.226601,12.055818,68.926369,15.066936,63.981583,54.503769,37.570404,45.795776,55.712059,28.081316,25.377619,23.062685,76.771828,16.049000,12.932572,-23.964750,51.223801,60.441799,24.947535,37.448483,58.682419,27.086090,66.955627,42.027966,44.220623,61.718182,87.800659,49.542454,2.436717,72.558235,14.348733,32.481030,44.950691,19.138863,69.162895,8.772162,32.691113,108.744316,-11.798202,33.785419,21.716002,29.318413,18.212170,52.915894,67.516464,33.024891,31.357090,7.392540,12.736538,98.338715,65.154778,65.760712,57.831135,11.958007,29.202864,80.678001,19.258337,47.778408,68.090225,-15.484198,43.681572,28.156931,17.975994,51.087620,45.913452,44.096249,60.181187,3.342809,51.182716,66.722763,64.485809,61.342876,18.732597,38.627464,27.811348,63.954666,59.073101,35.326572,66.282822,23.561832,78.221107,65.170425,68.234016,51.386307,61.477608,49.241199,31.281002,10.520360,30.207180,44.539997,42.687084,38.155262,41.930481,12.641501,32.516445,37.172344,16.236946,66.088264,72.396851,35.518829,63.016285,-8.021066,59.253227,25.229219,26.559317,83.765091,20.122932,13.292471,34.756119,23.142197,73.517746,58.588562,34.977711,30.325209,39.395309,63.984592,40.215813,19.786409,77.188217,31.811966,30.790916,58.837692,75.486710,40.219765,54.251625,39.230297,48.225845,26.817686,83.449287,39.578121,14.685905,43.785667,71.915878,48.281921,76.113304,77.334610,47.164684,60.412464,13.244363,18.993771,38.169224,12.016032,-14.510930,34.886276,35.168491,31.624874,39.586090,19.534414,32.533092,45.718716,14.007074,40.201912,-14.399247,7.022429,44.180481,50.814022,54.545147,56.581905,86.927971,25.964100,77.350899,55.149364,17.958641,71.320457,69.475868,82.903740,40.009239,27.398174,47.508144,56.818493,-37.633934,43.493534,39.762943,47.904552,65.336411,45.370564,13.640505,39.820553,27.017971,60.801464,69.024353,55.432201,31.077736,68.128708,42.165268,23.184343,53.744362,41.508957,-0.390410,45.425163,49.104668,-9.972086,40.938736,41.576546,23.152115,70.740799,48.780006,50.287220,70.441109,43.881798,19.180595,33.101421,29.200680,59.266125,86.849350,40.489883,11.358686,9.112640,21.496178,7.791103,-11.441195,41.183056,25.163109,72.418037,101.658028,29.457632,39.081158,52.503075,19.369076,53.063141,17.403946,89.476364,98.999840,50.824768,42.436031,52.001209,23.672157,-9.609885,81.064522,48.327641,46.875622,27.357563,54.130589,4.648408,30.376621,39.417152,24.510721,73.764786,69.126358,36.454258,53.482479,32.270473,33.666267,33.783382,67.912544,50.135929,51.306087,30.353069,70.890198,47.960423,49.253803,62.647945,35.916683,14.483496,44.509865,67.170380,20.597494,56.823334,61.282608,67.329224,40.622932,-2.132350,30.278015,58.120255,62.097973,83.293686,76.359451,30.810070,53.900757,18.094288,12.052157,39.717224,86.800468,23.322943,65.052010,39.283981,56.876667,63.103233,12.368316,66.410149,12.246657,3.386963,14.848058,42.886452,-8.413016,51.338612,-6.970234,63.237141,20.389212,-2.676124,3.002744,73.468697,74.244980,34.560616,89.859108,46.998520,47.763947,73.388649,44.224636,0.857105,36.753475,-3.206675,19.191694,56.632492,71.689682,38.452206,32.412289,65.123611,89.069778,39.754974,30.335922,26.241859,2.684756,69.457329,50.210453,46.202072,11.757485,25.789640,22.311810,24.990242,44.801582,56.377724,-25.804560,58.469677,50.082745,36.994076,38.651340,6.104295,51.135139,48.119976,37.168331,28.753832,47.572041,33.924934,39.788738,16.113873,54.533665,42.471893,59.114185,42.978241,40.958599,3.458388,31.709021,54.796520,74.510551,44.960754,46.491402,53.051952,62.210598,9.244039,16.811356,41.264519,54.940136,52.775726,10.777784,-5.786470,11.462696,17.799145,-22.665171,-23.295128,69.710564,45.526310,35.660320,72.190605,18.594086,39.345608,44.341068,30.017933,3.469367,56.521755,31.026825,57.232227,19.550943,22.425764,36.243053,49.382191,24.132347,43.167843,14.715183,46.779434,96.349213,41.425488,-38.204391,28.176943,41.163223,46.244839,49.707291,33.107620,52.520782,84.575554,72.686447,50.327744,45.360439,-6.646874,93.441216,42.549576,11.610563,62.332081,12.901169,27.258188,-0.445424,13.082033,17.749678,46.851036,66.643425,81.030876,81.578072,12.171219,17.350821,78.766769,15.856683,8.830660,44.284843,11.706131,-20.304962,-11.813313,20.952406,75.486710,33.947483,39.542351,40.716286,29.189758,46.937038,67.653526,41.252625,-11.324554,23.335281,0.946003,21.178249,12.546052,11.137860,50.792507,8.963829,48.899246,82.589706,26.861013,3.822477,34.082657,36.614964,64.534561,9.017663,51.130829,7.108730,-0.349444,26.453714,73.950958,51.843605,39.506580,42.155323,73.379799,77.982750,-5.670301,56.560242,18.192039,58.125275,100.055748,64.906265,31.003479,-0.955315,28.797777,19.819111,45.384701,44.118324,41.586491,9.067307,63.491997,89.571045,2.833154,40.191963,12.904652,49.329567,64.601799,72.485863,36.279297,3.137271,26.260336,70.088112,-9.495369,47.027206,7.067882,39.460892,45.271511,32.815662,60.877110,33.608715,54.173943,11.994250,85.228416,2.114301,49.468609,66.357849,17.839815,55.568382,37.404476,48.498291,43.779648,29.577047,9.745901,23.632963,15.980880,45.576927,86.245125,32.716022,62.811394,60.162655,