 VS =   2.00000000     VE =   4.00000000     VI =   1.00000000    
 VSP =   2.00000000     FROUD =   4.64527532E-02
 VSP =   3.00000000     FROUD =   6.96791261E-02
 VSP =   4.00000000     FROUD =   9.29055065E-02
